,1,2,3,4,5,6,7,8,9,10,11,12,13,14,15,16,17,18,19,20,21,22,23,24,25,26,27,28,29,30,31,32,33,34,35,36,37,38,39,40,41,42,43,44,45,46,47,48,49,50,51,52,53,54,55,56,57,58,59,60,61,62,63,64,65,66,67,68,69,70,71,72,73,74,75,76,77,78,79,80,81,82,83,84,85,86,87,88,89,90,91,92,93,94,95,96,97,98,99,100
1,1.0000000000000002,0.9814531681768365,0.9875331410254486,0.9970275590976457,0.9951885600186366,0.945305863,0.9851471383308025,0.9815805852564798,0.9826979335024035,0.9974642034800157,0.9661090778677967,0.9826691483263004,0.9519007457402872,0.9752762121410823,0.9888984219188311,0.9299266345856896,0.9967381923047498,0.9493668151194125,0.9682133190496139,0.9269269330186191,0.9832704243537945,0.9590881829756573,0.9765350148620586,0.9649200906388599,0.9857800026546325,0.989890923,0.9734682096037913,0.987349934,0.9635130228720696,0.9923912134964649,0.9713681201897186,0.9668561099673094,0.9481389247296487,0.993322914,0.9626296922773209,0.980785926,0.9627840926369108,0.9880828400831863,0.93653989,0.9418216757084666,0.9401994600691036,0.9518209629419047,0.9527396028280044,0.9505960021736244,0.975535391,0.9484529312913331,0.9310015364006025,0.9309460684625129,0.9807180221812063,0.9777709515920366,0.995871554,0.9310410941321454,0.9963434909536998,0.9250306089958341,0.9562947157968594,0.9396470926393404,0.9380873427893307,0.9736119972120042,0.9696427238918577,0.9996001908885985,0.836355257,0.9936720359283906,0.9568746976750906,0.9603272692749982,0.9694639175403931,0.9933928791879453,0.9624828048094237,0.9933408809600733,0.9772063987064353,0.976383084,0.988084472,0.9917037777589098,0.9746610838664224,0.9643880229429427,0.9751470466714238,0.991393158,0.9638453333528328,0.9284157425912517,0.9427342304129094,0.957186654,0.9790130073773474,0.9668598077138731,0.9924380157325472,0.9486020886761631,0.9753166339070051,0.9564117891919991,0.9660643182479908,0.976314595,0.985303945,0.9807408238809927,0.9558307847343707,0.9897074138267073,0.9973299240334104,0.9871032077571188,0.9496608432663771,0.9962961023553006,0.9916567825480405,0.9708374444298198,0.9971097936347316,0.9710247624174978
2,0.9814531681768365,1.0000000000000002,0.9568871584043152,0.9653534821145385,0.9658881504533313,0.8854281462442806,0.9504868783649968,0.9504193228977147,0.9520078277428444,0.9869509245700677,0.9212636009362878,0.9344953508170932,0.9081807035987606,0.9306830001076222,0.9666156149252497,0.8597926081897354,0.9756906139947571,0.8930399995147118,0.9265994180470086,0.8723967161941559,0.9426310984178876,0.9217748802424539,0.9612982636804968,0.9240368921879796,0.9587662829263636,0.9625452306202188,0.9331993452616261,0.9678554606504043,0.9279864025349934,0.9667470418020929,0.9286864390920154,0.9081433177425187,0.9089232166327318,0.9607247741842855,0.9040684854756186,0.9475608977385716,0.9061029669443317,0.9457407612389293,0.8787460958291188,0.9010730438034962,0.888552483,0.9029536364201172,0.9127669896221864,0.9129242759446045,0.9299250079644477,0.8939427534830781,0.8632135912666741,0.8888149650968237,0.9284675241104609,0.9227347328468459,0.9779983324405797,0.8812474624010184,0.990392561,0.8639844714878379,0.9164765440539107,0.9012369784355175,0.8652101471442012,0.9154953878993439,0.9138424250585108,0.9773106506621768,0.7450464804209969,0.9731472369719044,0.9195164355145609,0.9106859283263575,0.9192434706446992,0.9570069646065141,0.9247118605149747,0.971687768,0.9463408693263393,0.9498005953620228,0.9580706373313908,0.9831312496539752,0.9224881285769063,0.9005930788891638,0.9389458079160936,0.9677949723528119,0.9288531474407672,0.8963078761872423,0.9003131799557987,0.9199456457310674,0.9249895539961579,0.9230372178886077,0.9541259261125326,0.9034237019123368,0.9322537724746256,0.9124408786760356,0.915131739,0.9254571581563455,0.9675831877063482,0.9349699059575557,0.9045163615316931,0.9714350583018706,0.9704204120542076,0.9473720444353141,0.9035316729914271,0.9795487066924249,0.9710734369004522,0.9426914904922187,0.9722858840920703,0.9379541826296164
3,0.9875331410254486,0.9568871584043152,1.0000000000000002,0.9938202611302095,0.996394193,0.9814655226442018,0.9997069814886419,0.9989358050375572,0.9995043708288642,0.9895958892803952,0.9942050673811146,0.9927106756818944,0.987916887,0.9967398786933165,0.9990195090658516,0.9685451356708069,0.9920817062895684,0.9849442591458838,0.9942896744103192,0.9735337706753415,0.9979452493016545,0.9915825129031209,0.9941882670554811,0.9941498896139316,0.9995660414071376,0.999144337,0.9964941323915946,0.9981694791727783,0.9930276618459668,0.9975489298146082,0.9962122625107112,0.9884242022776832,0.9860559067154617,0.9950999675544959,0.9872276372724301,0.998942348,0.9894973237473839,0.9940227878633683,0.9782999861725606,0.9828693346437336,0.9807486112134198,0.9874013371825752,0.9885358526498768,0.9872673389402901,0.996491892,0.9851724793684005,0.9725740871609401,0.9766066364053269,0.9903315650888113,0.9892958450248881,0.9922559343308495,0.9767030210803279,0.9873907348773855,0.9716055188036382,0.9902696927247282,0.9814597728154315,0.9723049328387143,0.9879547546872228,0.9890127567786261,0.9912147811833425,0.9058924191066308,0.9975357502620934,0.990540895,0.9911811842713116,0.9938096278979054,0.9927410323254162,0.9930963368656068,0.9982401913619537,0.9981044835313556,0.9974126304836429,0.9998020763518328,0.9929759401565027,0.9933840853266173,0.9832683169234333,0.996221527,0.9973802416876802,0.9935341711324611,0.9738123573466728,0.9834181772879093,0.9905248884794547,0.9883913963660843,0.9934552091087738,0.9925914757625856,0.9862188669468775,0.9968371636149561,0.9895693291977878,0.9926395094116047,0.9916566783772507,0.9967916385566695,0.9945363864620852,0.9890859272185127,0.9978897035292985,0.9952548492496773,0.9984249169846159,0.9869283073671498,0.9952282691106596,0.9981206602435583,0.9948276932877878,0.9963650306977302,0.9963757880553321
4,0.9970275590976457,0.9653534821145385,0.9938202611302095,1.0000000000000002,0.9982490357608316,0.9652358183072046,0.9930987588266996,0.9889469967051399,0.9899997089527776,0.993422291,0.9800793756138645,0.9936984618972184,0.9676512537471926,0.9875487399303939,0.9922774464185765,0.9531565013180963,0.9966528983292756,0.9684706551975005,0.9804779709142185,0.9483190801954777,0.9926458922637438,0.9720442172098698,0.9797282881165781,0.9780513713505546,0.9914123532711816,0.9946923513072601,0.985208767,0.9901309935427152,0.9749228852585524,0.9952634946719379,0.9839372077577202,0.9834022743705564,0.9630294293389956,0.9979873420031501,0.9800223661700374,0.9892633248681784,0.9798261735973016,0.9965068916270362,0.9576978186202796,0.9576953262849175,0.9594410904518976,0.9685450834476408,0.9672871969263986,0.9644502361662891,0.9879777750972378,0.9672597999386534,0.9547019356204411,0.9482589517274876,0.9926865668657753,0.9909005920519807,0.9951682343697603,0.9505687635357261,0.9907482563711524,0.9478923294394104,0.9703585501244602,0.9550122733020242,0.9615081732763583,0.9881704466868918,0.985091119,0.9986798441224181,0.8736592583702463,0.9952355745150101,0.9701217631931534,0.9763955179327891,0.9841087371379544,0.9985635009032588,0.9751539204244354,0.9953850326478593,0.9856257424684135,0.9835028902417037,0.9938538234857757,0.9891386526394121,0.9886058469027401,0.981489988,0.9846308356442195,0.9944517772878976,0.9753025587526885,0.9427854829204008,0.9590989032313709,0.9701111025398922,0.9914826360380897,0.9805183704280961,0.9983437633649974,0.9651046560405379,0.9870776451233704,0.9716130103875994,0.9813478566236523,0.9893642334364797,0.9879207309578631,0.9919666604299554,0.9728981488935888,0.9914761783071177,0.9992816188993665,0.9956631579050425,0.9661093018811014,0.995590241,0.9935542714034562,0.9788186800429569,0.9987670451665356,0.9810081963589412
5,0.9951885600186366,0.9658881504533313,0.996394193,0.9982490357608316,1,0.9715044874574241,0.9951503758858182,0.9941028909646533,0.9934327617729212,0.9927055530468971,0.9845718221288802,0.9907176666687051,0.9725684253911918,0.9904180564080267,0.9953761268749309,0.9602670363763347,0.9935285756986707,0.9720529817901485,0.9872848215752061,0.9537969485992335,0.9958684530909251,0.9781083805265578,0.9854432719174745,0.9832985080948173,0.994249742,0.9953946119012487,0.9870776329160409,0.9936405756670887,0.9827635749337469,0.9991006346397229,0.9879750353861628,0.982886372,0.9693597740713751,0.994930996,0.97903709,0.9916555847105923,0.981769005,0.993266814,0.9617408573212124,0.9661616825275013,0.9631115770083539,0.9757038276198635,0.97333443,0.9731196004480811,0.9907357552424614,0.9722225919910177,0.9587849192881216,0.9580062783673072,0.9896641922189542,0.9884130139565631,0.9926653016697392,0.9589950018349492,0.9910388212354279,0.9553957012229709,0.9760027674059649,0.9641157194019007,0.9629836500657966,0.9873441563504376,0.9828124983776435,0.9971522658651963,0.881016283,0.9959132351840493,0.9764974036936883,0.9801814784595195,0.9864514295844795,0.994625479,0.9804579221685361,0.996711546,0.9893795809091235,0.9890403891319296,0.9970927514008142,0.9922575772676543,0.9891280781532686,0.9819757473940351,0.9915025757335894,0.9940074646499827,0.9819884893243395,0.9544939264671062,0.9663937569825441,0.9780237809342753,0.987721914,0.9819915464234618,0.994411982,0.9702677969785767,0.9912824745319008,0.9750096652403187,0.9851656333257003,0.9866612843499828,0.9905147722183077,0.9898284578313586,0.9775175170849421,0.9949972226893024,0.9976509271419296,0.9968634597443854,0.9728401712342519,0.9959518601428172,0.997262185,0.9870048854172678,0.9982379432931396,0.9864366861142202
6,0.945305863,0.8854281462442806,0.9814655226442018,0.9652358183072046,0.9715044874574241,0.9999999999999998,0.9845380944445605,0.9856684940103274,0.9837258081703488,0.9442135038094631,0.9953323433760558,0.9809002356971206,0.9921899126595181,0.9930430276743082,0.9737298394476589,0.9975208033226027,0.9533258203970653,0.997393584,0.9946513416793236,0.9917523009461185,0.9887740276665484,0.9905807050178453,0.9696849507595526,0.9935308189264668,0.979085684,0.974755368,0.9890480891994542,0.9715264954088931,0.9913098081936017,0.9736980479945518,0.9937451679030934,0.9923192210700823,0.9892926422293913,0.9677680142015233,0.9917858798872035,0.9845422026864943,0.9965675932294217,0.9757157733464249,0.9952330048248754,0.9910630277170953,0.9919405497627749,0.9979329494592697,0.9910540219239338,0.9913194861431028,0.9932671784731987,0.9981979743446683,0.9973922677271363,0.9894512290603433,0.9815216026087837,0.9840393180895258,0.9521779168208864,0.9939813636117497,0.9392942555433866,0.9971122751629047,0.991397772,0.9889311916438313,0.9952049552761189,0.9881294913923981,0.9878122095698356,0.953695073,0.9671083103529533,0.9657697681547777,0.9904453504909524,0.9964876115310769,0.9951911801318669,0.9664664205191336,0.9907686106313497,0.9684246543701548,0.9845567593193092,0.9826345275110329,0.9812086101536419,0.9538917016826705,0.9919938142559607,0.991324223,0.9903468956583832,0.9675910896060107,0.9901931015741811,0.9811618488558383,0.9914329647320121,0.9918942115692015,0.9801483344906756,0.9899081801828848,0.9681456030322427,0.9926182266968853,0.9934689200351137,0.9911008017921109,0.9971544228714011,0.9844238134207044,0.9681237134442963,0.983246772,0.99767465,0.9692605248898358,0.9635368771960583,0.9849537474545651,0.9955821336242717,0.9583132817622914,0.9707576707663914,0.9854843542210756,0.964752175,0.9882693577471622
7,0.9851471383308025,0.9504868783649968,0.9997069814886419,0.9930987588266996,0.9951503758858182,0.9845380944445605,1,0.998582196,0.9994562026576944,0.9868680909070466,0.9959009763008311,0.9945764075645074,0.9902123335976629,0.9981742183481821,0.9978577359725711,0.9723695784390842,0.9908598984216422,0.9883308851178279,0.9950757947777651,0.977453444,0.9984003598550806,0.992865187,0.9927116273170685,0.9955279982881823,0.9991140720932112,0.998752218,0.9979893355610312,0.9967978433535192,0.9935326355553976,0.9959751633669511,0.9975660285672399,0.9915355959927831,0.9879313199513987,0.9951964761278809,0.9907194010584243,0.99941763,0.9924251345206015,0.9951770011111587,0.9822712691384611,0.984674248,0.9842838749115997,0.9894906375855738,0.9903165486058911,0.9884008943410927,0.9979586397490735,0.9882294533458477,0.9772274579715343,0.9786823254940562,0.9924667908491001,0.991682505,0.9907707268820458,0.9795562630410188,0.9840249497791844,0.9755139100078535,0.9919532725761164,0.9830600228896078,0.977154412,0.9904046525731156,0.9921095846872728,0.9893581084819822,0.914145599,0.9962055849728868,0.9918704815762908,0.9936155816941551,0.9959838050049648,0.9930567012867569,0.9943944457623217,0.9969478716204101,0.9983781430814986,0.9970152816625202,0.9992722082177486,0.9900955992172541,0.9955492882340392,0.9862413154270121,0.9961801352594121,0.996722554,0.9942692460340892,0.9747756844472254,0.985555822,0.9914767588801761,0.9907780334152293,0.9956222827160282,0.9930979488346724,0.9887182843574968,0.9978560938910347,0.9919660482046255,0.9947373550258702,0.9941533710827776,0.9955744440784039,0.9964197137148572,0.9916732911926046,0.9961854380619574,0.9943094860009237,0.9989320398617547,0.9891229635210042,0.9932737289992951,0.9963619264600173,0.9942411155576626,0.9951445341110617,0.9968385126179591
8,0.9815805852564798,0.9504193228977147,0.9989358050375572,0.9889469967051399,0.9941028909646533,0.9856684940103274,0.998582196,1,0.9993112470073485,0.9843216932765737,0.9959977426624803,0.9884178699294625,0.9904186210991284,0.9970498535416891,0.9978391088470657,0.9740036316359245,0.9857294939488686,0.9870861789151675,0.9974682029918491,0.9775692737141798,0.9979537619373702,0.9943986432213763,0.99497226,0.9963569217667267,0.9986085404633593,0.996449062,0.9959509993057641,0.997193569,0.9968760373603519,0.9967702840202943,0.9974131424755902,0.9869994698613075,0.9894649622896177,0.9896329044547129,0.9856262425023841,0.9981992543652135,0.9899950201795013,0.9890607893274199,0.981168057,0.9880316417324666,0.9830072376250982,0.9916801385879302,0.9916548743381304,0.9921754280971338,0.9967290824792346,0.9882315559883857,0.9759814031071131,0.9830239524025701,0.9862084072505019,0.9857930624192923,0.9862377225663511,0.9825173307293696,0.9825376017094312,0.9773634540668682,0.9929927368347312,0.9870275063065287,0.9737066157915523,0.985868979,0.9860770945347425,0.9858264235503714,0.9144498684132849,0.9942447587367904,0.9936450340364277,0.9928582428060898,0.9941438925363234,0.9866884779727756,0.9952866962725296,0.9955147749216811,0.9983608467448787,0.9987290213000563,0.9991794472416775,0.9907477823046807,0.9921974518338422,0.9826366120978793,0.9989309619486137,0.9935713199680389,0.996553407,0.981153303,0.9878092749947266,0.9946921842770864,0.9838266782814242,0.9930200537117776,0.9866645429342961,0.9890741501665191,0.9979889908215754,0.9908780938610561,0.9941451056934293,0.9880096305645215,0.9951336943603974,0.9909524178047878,0.9915546110148429,0.9967195848733261,0.9903320382467136,0.9967505318018632,0.9909149084358896,0.9913006247807037,0.9970910780924962,0.9982584469689852,0.9921600677659512,0.9981533839382288
9,0.9826979335024035,0.9520078277428444,0.9995043708288642,0.9899997089527776,0.9934327617729212,0.9837258081703488,0.9994562026576944,0.9993112470073485,1,0.9864208807687105,0.9960219050533914,0.990761658,0.9916790556300248,0.9972503933451707,0.9986395444165453,0.9704439379647699,0.9890225899419034,0.9877122097234783,0.9956536762947558,0.9788677745504619,0.9971309245098892,0.9949202463344603,0.9959154498731075,0.9964885264434062,0.9996882723176347,0.9983757736067439,0.9977821061265428,0.99813543,0.9956554681726155,0.9956082962399786,0.9975113580447366,0.9880813678422954,0.9905008082282136,0.9925506387658422,0.9876630872122562,0.9996561880574917,0.9903056229121834,0.9916209339395562,0.9823340035977686,0.9876901062756055,0.9850626659752563,0.9903591345928185,0.9924428625891976,0.9912774945978389,0.9967791889684446,0.9881707863521267,0.9758180268351397,0.982299147,0.9880092477676722,0.9871504139363834,0.9896042904822788,0.9818600190876273,0.9841718837397115,0.9761738452715655,0.993800843,0.9866214107806747,0.9736158018115942,0.9859371666800574,0.9885664268383036,0.9869494272515329,0.913397517,0.996075966,0.9941183495536774,0.9933338376111722,0.9945332838087043,0.9893821779890295,0.9960274548694152,0.9968856508154648,0.9995041288751635,0.9989787878588507,0.9991700942815658,0.991638768,0.9927712411291941,0.9817181926901437,0.9968769320176395,0.9963452765961633,0.9963666558610317,0.980053501,0.9881417472758132,0.9938673500912341,0.9859268632281699,0.9953642716767301,0.9892381523054864,0.9902382904252083,0.9972777347682197,0.9928542636491117,0.9936395468289695,0.9907632622702452,0.9971696536048834,0.9936296834833405,0.9915655187951128,0.9973204476206675,0.9921264341127324,0.9970576825568316,0.9906419437632666,0.9929723342396916,0.9969230587825504,0.996694856,0.9935577491898261,0.9984467336344783
10,0.9974642034800157,0.9869509245700677,0.9895958892803952,0.993422291,0.9927055530468971,0.9442135038094631,0.9868680909070466,0.9843216932765737,0.9864208807687105,1.0000000000000002,0.9686479683216627,0.9792951157735449,0.9585241596216233,0.9757144289555181,0.9930568564758072,0.925057963,0.9978115642369918,0.9512200481977706,0.9697669216014778,0.9337276183794887,0.9818314428417202,0.9660534975903798,0.9858271468171242,0.9692541028792208,0.9898991345662792,0.9928870682185399,0.9770427382167884,0.9927869137694982,0.9687729690213321,0.992186325,0.9735295450260918,0.9632150872992056,0.9567620990462229,0.9926332293621214,0.9608033752776486,0.9847001585769285,0.9611121287075526,0.9853362809191702,0.9404215902571628,0.9500224096773404,0.946360129,0.954667644,0.9601900338814613,0.9578625289783423,0.975328651,0.9507524683932611,0.93052608,0.9400286775603208,0.9754406384386415,0.9719436049765607,0.9984153171472309,0.9376237002712818,0.9995916071776094,0.9277929898466384,0.9631716800771534,0.9488498740295381,0.9333667084741599,0.9667709941024324,0.9671782251413268,0.9972982723384344,0.8369637421665597,0.9969240932639588,0.9642003115813721,0.9625861166561905,0.9691688655070809,0.9903556311335369,0.968788357,0.996249522,0.9826518822967444,0.982618313,0.9897261763074177,0.997249607,0.971783492,0.9565568511436734,0.9765176366534946,0.9950856129162137,0.9701212000132768,0.9404235430974084,0.9507511481443532,0.9634881067564035,0.9732966748209821,0.970933011,0.988958357,0.9552733509672132,0.9755784351967959,0.9624916381516379,0.965623276,0.9743234656680474,0.9923588265776437,0.9798246320931676,0.9580246555462354,0.994336118,0.9963094450536499,0.9855376297511016,0.9548304312970579,0.9988970620473406,0.9943395908787193,0.9762709272605293,0.9969300783995726,0.9767083483368995
11,0.9661090778677967,0.9212636009362878,0.9942050673811146,0.9800793756138645,0.9845718221288802,0.9953323433760558,0.9959009763008311,0.9959977426624803,0.9960219050533914,0.9686479683216627,1,0.9895318935513229,0.9976179767885271,0.9989540318692315,0.9901094732981524,0.9864407577866598,0.9750090307757175,0.9973980469904058,0.9984959112043844,0.9915251688199892,0.9957808454663517,0.9979969469187889,0.9877400309964905,0.999638101,0.9936098784009442,0.9907908556591043,0.9983560604438222,0.9889995076367283,0.9976523502344156,0.9870129577323515,0.9997704323029314,0.993915148,0.9958044933569167,0.9839866004819177,0.9941934191144874,0.9966651480107405,0.9973071216862707,0.9873261637672118,0.994382808,0.994814381,0.9946734553439082,0.9983064593969222,0.997319183,0.9961896405510038,0.9986779359155517,0.9978581427043585,0.9910948437253078,0.9914602574557617,0.9879700417706814,0.9886432594570869,0.9749922709809545,0.9932614494932511,0.9649069169203306,0.9913437978450048,0.9980256344868632,0.9933251971019602,0.9880986638492253,0.9896017763277448,0.9925157843517733,0.9726903916008556,0.9457640885003058,0.9848593218636321,0.9976058660477678,0.9995204618875781,0.9988226852969265,0.9812582918423318,0.9985700025520082,0.9864018231358469,0.9967839915194461,0.99529328,0.9935693087738525,0.9764285625718006,0.9958452847070612,0.9887831078547642,0.9965694195580143,0.9864307680132262,0.9980124318306672,0.9863575699491225,0.9954673843336396,0.9975318487371257,0.9863138039507627,0.9980164675330669,0.9819747423500119,0.9971505184813286,0.9988054118705971,0.9977378987950716,0.9990823290938651,0.9918809421094027,0.9874837770486724,0.9927465533813118,0.9991466917747348,0.9870925983969816,0.9809518716644605,0.9941337434251901,0.9980335237880232,0.9791747216087084,0.9870160511794727,0.9948653009507182,0.9822881494355457,0.9980145561997451
12,0.9826691483263004,0.9344953508170932,0.9927106756818944,0.9936984618972184,0.9907176666687051,0.9809002356971206,0.9945764075645074,0.9884178699294625,0.990761658,0.9792951157735449,0.9895318935513229,0.9999999999999998,0.9814920862826524,0.9944228529202135,0.9876271335087428,0.9715903181145026,0.9888753439035998,0.9857837410859382,0.9857512439979038,0.9704153308926141,0.9941706727109352,0.9812952435086755,0.9759123398309341,0.9867151344761469,0.9901905863800415,0.992847477,0.9932418224454943,0.984998397,0.9801939749114166,0.9874124451243128,0.9913861663330226,0.9964662544878309,0.9758233062532055,0.9962853907949503,0.9954295535856804,0.9923865813257504,0.993246795,0.9994021246729061,0.9787449898615207,0.9706260675047054,0.9789306600691849,0.9808280491852372,0.9791531112310472,0.9738148118944173,0.9948364610920707,0.9835376419942052,0.9775335973657877,0.9631217861691432,0.9995531402258768,0.9989639930619624,0.9868224309919479,0.9681839232369328,0.9740923719506092,0.9691643100772555,0.9814420315633436,0.9673641551578233,0.9833300211489225,0.9969076432573893,0.9979854632649138,0.9872073288667049,0.9158638602667042,0.9888000121893951,0.9798124180834943,0.9892138250937162,0.994392688,0.9969485383591101,0.9840579222085698,0.9891418640851882,0.9886679544624645,0.9840440107231193,0.9915153421090848,0.9764562868103667,0.9975554031221919,0.9928695497756549,0.9856709273950067,0.9910401126279533,0.9817409365271433,0.9536798249114283,0.9732833111462325,0.9780371779951612,0.9993100103532945,0.9918917315247775,0.9975870799356668,0.9800053972752414,0.9923525039087601,0.9852267391541696,0.9916762646233621,0.9992384104708022,0.9838076688640279,0.9993173278052375,0.9867122824596557,0.9844552967519287,0.9926758239367768,0.9969272009028132,0.9793813718146152,0.9857131997470352,0.9857013996007297,0.9788758278851679,0.9914706556121216,0.9855891172834919
13,0.9519007457402872,0.9081807035987606,0.987916887,0.9676512537471926,0.9725684253911918,0.9921899126595181,0.9902123335976629,0.9904186210991284,0.9916790556300248,0.9585241596216233,0.9976179767885271,0.9814920862826524,1,0.9940344294605311,0.9843278866846987,0.9812753571129055,0.9658467098870936,0.9971332875307193,0.9938960885884509,0.996877951,0.9875725372711585,0.9990839348697448,0.9863206795569313,0.9984215370974941,0.988934929,0.9850337152153775,0.9963487281734231,0.9840679854331917,0.9960086980795559,0.9766891411849854,0.9964206295879685,0.9878883053959692,0.9994314028454454,0.9753876946013021,0.9904201148373998,0.9932877426147919,0.992942219,0.978649067,0.9970533911202787,0.9981474658809487,0.9986315522057533,0.9971335023033017,0.9996830140725924,0.9975571482572391,0.9932371075185263,0.9976190311821668,0.990943325,0.9961784122770074,0.9786391536416569,0.9792637698606957,0.9667929566951717,0.9969059615177612,0.954526871,0.9932191997005908,0.9996619164211107,0.9972768280869589,0.9842044870376296,0.979613563,0.9874107437897085,0.9595905250442844,0.9533607743150984,0.9777858833260651,0.9991322593175022,0.9980608525258741,0.9944672721743247,0.9708709861075975,0.9990149455038242,0.979127299,0.9945815731985083,0.9928691761150744,0.9865065311682893,0.9691209628121246,0.9890331792961894,0.978889493,0.9904344195545391,0.9807569738483851,0.997561803,0.9920810316620121,0.9990803660844036,0.9976286138651425,0.9769406011094925,0.9975260269665042,0.9715116193663825,0.9999124863041221,0.9931900161439146,0.9996235567566641,0.9946379124501773,0.9861002190245313,0.9842087198278494,0.986967572,0.9979797146889221,0.9808959495541113,0.9704539917018363,0.9857787772730949,0.9990571310821251,0.9704677914183352,0.9789827855961739,0.9916343936066125,0.9722221025924778,0.9964906268208273
14,0.9752762121410823,0.9306830001076222,0.9967398786933165,0.9875487399303939,0.9904180564080267,0.9930430276743082,0.9981742183481821,0.9970498535416891,0.9972503933451707,0.9757144289555181,0.9989540318692315,0.9944228529202135,0.9940344294605311,0.9999999999999999,0.9926223305301645,0.9842438186943807,0.9820606666133587,0.995105436,0.997745903,0.9856174804129167,0.9985412044872262,0.9949154096380826,0.9872854537340165,0.9978822200822984,0.9954288909487523,0.9940592252591547,0.9985217165597614,0.9910461695542973,0.995324446,0.991294658,0.9995519304344116,0.9961756104166751,0.9912138246185916,0.9900921685962611,0.9955118400081927,0.9977149854170496,0.9977818894212281,0.9929693540188129,0.9902572650560327,0.989339606,0.9904047809221438,0.9952370977507192,0.9934584565853635,0.9917867241641009,0.9999536333267226,0.9949783359156216,0.9879215780695813,0.9846616226544774,0.9933636817349478,0.9936979356864213,0.9814219148552287,0.987145287,0.9718277740067367,0.985945512,0.994723212,0.987407114,0.9876790848402278,0.9939712275487654,0.995205358,0.9809220379339234,0.9357674246289379,0.9891807328647554,0.9941583925670004,0.9980642727857335,0.9994565302765284,0.9884170370924938,0.996120167,0.9904936567455084,0.996756912,0.9947936105061893,0.9963168796623028,0.9804170019169081,0.9983618133131776,0.9922336893579382,0.996871355,0.9904127830674669,0.9956201013004745,0.9787036332805461,0.9902793448982092,0.9941450646309533,0.9919573109111947,0.997434148,0.9890479217959844,0.9932260901571479,0.9996341251299671,0.9951180909544691,0.9990249836725081,0.9954417366531121,0.989186361,0.9963175887462173,0.9970648232234647,0.9898235634672411,0.9877005550487604,0.9978350192273464,0.9942643158462218,0.9846736068183923,0.9904674523516699,0.9935367324789132,0.9883892348791203,0.9967794953053551
15,0.9888984219188311,0.9666156149252497,0.9990195090658516,0.9922774464185765,0.9953761268749309,0.9737298394476589,0.9978577359725711,0.9978391088470657,0.9986395444165453,0.9930568564758072,0.9901094732981524,0.9876271335087428,0.9843278866846987,0.9926223305301645,1,0.9582121710750043,0.9932243204081249,0.9782827397025056,0.9907602094960428,0.9675251735649423,0.9945404404533797,0.9893965509961679,0.9969748994914601,0.9910279265114502,0.9995303445493005,0.9989899825359997,0.9935449357981033,0.9998217401481074,0.9910759990105605,0.9974483553963407,0.992593559,0.9809541764768434,0.9835464725823427,0.9936005023397327,0.9799334602530614,0.9975706742482253,0.9825759200148699,0.9902615735187638,0.9714286571996366,0.9799256034618872,0.9754015462398838,0.9823553940449125,0.9857947100973324,0.9849379132743489,0.9920936705824119,0.978907155,0.9632376055512699,0.9733795677014742,0.9842529010683331,0.9825565479271686,0.9941564459663388,0.9716477387801928,0.9918367888919158,0.9638528809693476,0.9875381702816285,0.9790898973115513,0.961567008,0.9803791349522099,0.9823104622472578,0.9917784582279007,0.8910578829055846,0.9988668310653951,0.9883590192727186,0.9860277545662257,0.9883875434131252,0.99026933,0.9907890954166055,0.999313842,0.9973066423290026,0.9975379648994398,0.9989203106975229,0.9969794239027744,0.987389643,0.9743301768995991,0.9938906109758942,0.9981445996433738,0.9917908744555839,0.9728936734435554,0.9801310968031002,0.9882520645795386,0.9818754331756592,0.9897665029679122,0.9896551330633616,0.9823008126924642,0.9929759498921471,0.9859584706626046,0.9870110442116095,0.9860813101893887,0.9989651954326225,0.9901450581091327,0.9835340636682803,0.999743858,0.9949408804228893,0.9952488107023019,0.9826872965567927,0.9973364383425091,0.9993244864365283,0.9944890369184397,0.9965315759545681,0.9950523699005581
16,0.9299266345856896,0.8597926081897354,0.9685451356708069,0.9531565013180963,0.9602670363763347,0.9975208033226027,0.9723695784390842,0.9740036316359245,0.9704439379647699,0.925057963,0.9864407577866598,0.9715903181145026,0.9812753571129055,0.9842438186943807,0.9582121710750043,1,0.935773194,0.9910572713794739,0.9869197446197083,0.9837114438533117,0.980282127,0.9786865005965858,0.9515682807358884,0.9832676059768951,0.964450602,0.959583434,0.9770781903944986,0.9550043565967794,0.9809383955837642,0.9616391743241555,0.9842752889281459,0.986954349,0.9771997697616867,0.9536459130627248,0.9851723602518244,0.9711065815283645,0.9910983583316822,0.964644047,0.9884876534875798,0.9808016732805793,0.9824136724503447,0.9913933655756406,0.9795348962769477,0.9809104845278318,0.9849701154436684,0.9919581629833207,0.9952097368411444,0.9798719442452246,0.9740887086128545,0.9778378617497779,0.9335339021362222,0.9866207900580541,0.9193700107402684,0.9937416350096178,0.9798850457653822,0.9780218691922687,0.9949473995159089,0.9841031398249362,0.980146789,0.9391061817348308,0.9726394013493028,0.9490238036048847,0.9785669359604725,0.9884428948720351,0.9877600069384088,0.9538910645466354,0.9788524402454502,0.9524256607781119,0.9706143749349719,0.9683854272145811,0.9688036739851977,0.9348334721229327,0.9852682227464954,0.9899049955884138,0.9814934061421137,0.950603936,0.9785302911538409,0.969067029,0.9809513352486167,0.9814156093844713,0.9730002227850089,0.9783136273447625,0.9562354709095321,0.9822042777418221,0.9851908143297199,0.9796247694684646,0.9907760025584159,0.9752142472030217,0.9498684988308078,0.9726203630413516,0.9905264313141351,0.9529002685077702,0.9491504861632868,0.9751297713864655,0.9870026541757486,0.9409493818673141,0.9560231318239577,0.9735452025889699,0.9500522925613124,0.9756882650589309
17,0.9967381923047498,0.9756906139947571,0.9920817062895684,0.9966528983292756,0.9935285756986707,0.9533258203970653,0.9908598984216422,0.9857294939488686,0.9890225899419034,0.9978115642369918,0.9750090307757175,0.9888753439035998,0.9658467098870936,0.9820606666133587,0.9932243204081249,0.935773194,1,0.9617131706310128,0.9733161703997304,0.9444954904678787,0.985933155,0.9706661004517897,0.9840734460478044,0.9745317175304236,0.9917848802002486,0.9956997437832255,0.9837580860888421,0.9922664807987699,0.9710626599580879,0.9914316597733923,0.9792620191643281,0.9748015910065901,0.962523217,0.9979716614978084,0.9733202995892578,0.9888426316366856,0.9713265373208376,0.9933352120376449,0.952008817,0.9549336958283918,0.9569359706040755,0.9610168582216192,0.96590398,0.9612439779972523,0.98185406,0.9600681482468169,0.9437914294372998,0.9450308768244673,0.9856872710389127,0.9825970760495178,0.9997484840924051,0.9450296347361259,0.9956292800722525,0.9380889601615671,0.9688349447356595,0.9529846098191416,0.9482177615886184,0.9771825387219952,0.9792795992172914,0.9977385970917285,0.8571578252700507,0.9975546934263511,0.9687946298325438,0.9708722336629694,0.9774780587919907,0.9966388460577016,0.9737372480763105,0.9967544833166974,0.9858027981484355,0.9836231233880172,0.9913930826406032,0.9933691025720116,0.9808717971407815,0.9677581669675807,0.9781408277196266,0.997552198,0.9732672953237047,0.9420619844409042,0.9568243809963739,0.96676152,0.9843901836500942,0.979241831,0.9957250716908639,0.9629357469525575,0.9806122619690631,0.9705254543588429,0.973318141,0.9851022049576408,0.9923952580119154,0.9889746900069987,0.9663986058389382,0.9931080552570953,0.9987944123459261,0.9905064797958124,0.9613408897133664,0.9982062647441262,0.9930425093130487,0.9759828261176158,0.998435598,0.9797331149974327
18,0.9493668151194125,0.8930399995147118,0.9849442591458838,0.9684706551975005,0.9720529817901485,0.997393584,0.9883308851178279,0.9870861789151675,0.9877122097234783,0.9512200481977706,0.9973980469904058,0.9857837410859382,0.9971332875307193,0.995105436,0.9782827397025056,0.9910572713794739,0.9617131706310128,0.9999999999999999,0.9935256757242461,0.9963792283106192,0.9888863153412187,0.9945671704747229,0.9756940241560239,0.9962419627850337,0.9839365872223628,0.9808740972836099,0.994596531,0.9766809908284229,0.9921103260791024,0.9739376001087052,0.9959485484758677,0.9946239614027382,0.9943692536905951,0.9748121218315162,0.996030892,0.9897610579941654,0.9979502712863709,0.9813129911595246,0.9989549606135735,0.9936083581288531,0.9978530372882823,0.9975310380201822,0.9954834647598405,0.9928658445267678,0.9949155717517935,0.9996597677211159,0.9976281604425848,0.9914058207180229,0.984933133,0.9865053838645431,0.9610928430660329,0.9953254281208146,0.9457335153141928,0.9963864700329388,0.9957775956858205,0.9916172168524868,0.9947469029830495,0.9880560292008916,0.9928069671424856,0.9576701918804899,0.9648813611747842,0.9720505081025002,0.9944013063895043,0.999103823,0.9972340857017493,0.9724749586852677,0.9949987550138825,0.9737570160135863,0.9896108501945071,0.9864424058012378,0.9837259616809467,0.9593750382297827,0.9937480963031634,0.9891715447419477,0.9889131294218936,0.9754091230469311,0.9930248517130195,0.9833721125231273,0.99505153,0.9934468180364224,0.9840128612323255,0.9963485572965053,0.973808353,0.9974073622035106,0.9939708925607363,0.9971889384115867,0.9975176779053017,0.9902745375811878,0.9755093452512812,0.9893258034005574,0.9993766272105321,0.9737090105760299,0.9687671631342408,0.9869597389733606,0.9975264229056143,0.9643267126704954,0.9734501259181747,0.9859318349611358,0.969474226,0.9918374988321842
19,0.9682133190496139,0.9265994180470086,0.9942896744103192,0.9804779709142185,0.9872848215752061,0.9946513416793236,0.9950757947777651,0.9974682029918491,0.9956536762947558,0.9697669216014778,0.9984959112043844,0.9857512439979038,0.9938960885884509,0.997745903,0.9907602094960428,0.9869197446197083,0.9733161703997304,0.9935256757242461,1.0000000000000002,0.986024515,0.9968287266276494,0.9961277593095651,0.9882568460074161,0.9982433459458809,0.9932061742038802,0.9894844561217968,0.9950840243283476,0.9896396239711046,0.9986244637719727,0.9904561543135607,0.9985961818407164,0.9901839049857674,0.9926455235606039,0.9813756953752704,0.9889088330889743,0.9948972382581476,0.9944816224310632,0.9840420201937063,0.9891279083900557,0.9932133064418921,0.9888045412133257,0.9977727500457757,0.9946048924985881,0.9959585846163976,0.9976142052595808,0.9949850376602531,0.986870553,0.9899345708246788,0.9846423814667381,0.9855696381824127,0.9733828306037948,0.9909668500831648,0.9670982955965483,0.988750843,0.9954341676847265,0.9919681179537078,0.9838573836034941,0.9878157299731718,0.9872007574550989,0.9741688347442138,0.938451509,0.9846582101258122,0.9957113394156544,0.9967675038141117,0.9966242015985263,0.9787757758226003,0.9964912018410064,0.9866803839091401,0.9954577418159365,0.9955608939494801,0.9946147302877576,0.9787318933335436,0.9935853151387547,0.9875590501228932,0.9992378013634066,0.9845092776720015,0.9975766521328404,0.9862203788262944,0.9928076321446468,0.9974930009793725,0.9824299652756404,0.9934781223720888,0.9794291421810387,0.9933413695512034,0.9989704246107268,0.9932287889983555,0.9978843497471379,0.986962268,0.9866901938572128,0.9884837352839823,0.9967104831763979,0.9884923879784052,0.9806776951069919,0.993877409,0.9961853887600184,0.9798680852089717,0.9894150393484951,0.9973230890457067,0.9826274226219839,0.9973641130485814
20,0.9269269330186191,0.8723967161941559,0.9735337706753415,0.9483190801954777,0.9537969485992335,0.9917523009461185,0.977453444,0.9775692737141798,0.9788677745504619,0.9337276183794887,0.9915251688199892,0.9704153308926141,0.996877951,0.9856174804129167,0.9675251735649423,0.9837114438533117,0.9444954904678787,0.9963792283106192,0.986024515,1,0.9757267476626823,0.9931802672282175,0.9708816219874005,0.9919440394458378,0.9744105331256937,0.9692271797840529,0.987956867,0.9670098973319821,0.9882928647648819,0.9583963591687198,0.9887338199620221,0.9827672758167707,0.9960515613391595,0.9584423267605451,0.9865600409602739,0.9816399124754311,0.9889751033707463,0.9649968881566562,0.9989742447401283,0.9959007445746377,0.9990528358919355,0.9942728764287965,0.9956049640460357,0.9929267659770261,0.9848118582847637,0.9966569760995311,0.994656558,0.9958727960800258,0.9681669515304331,0.9699517280385704,0.9451727805142546,0.998156593,0.9283317568742806,0.9970535805230861,0.9948870247096988,0.9948456643704294,0.9864765998371933,0.9715872853524429,0.9812310926581834,0.93667768,0.9729289242706518,0.9587704964865856,0.9936542471623168,0.9940836267620743,0.9882917123875219,0.9538124659739795,0.9925645032376431,0.960550521,0.9833556600658648,0.9806146956630907,0.9716613122111617,0.946670584,0.9813160912721366,0.9734765166141791,0.9796048350566677,0.9633188308895718,0.9900551103772253,0.9896396278497158,0.9971972921232981,0.991707867,0.9669041069791237,0.9913252332345952,0.9550960728039868,0.9976966992653264,0.984236417,0.9957149449777168,0.9891435986191501,0.9775978898651938,0.9673194921272533,0.9767929436555128,0.995093249,0.9625907136997731,0.950738957,0.9728011590182072,0.9965240701389517,0.9490019409140532,0.9603586321731826,0.9803416806581627,0.9523819245470696,0.98709776
21,0.9832704243537945,0.9426310984178876,0.9979452493016545,0.9926458922637438,0.9958684530909251,0.9887740276665484,0.9984003598550806,0.9979537619373702,0.9971309245098892,0.9818314428417202,0.9957808454663517,0.9941706727109352,0.9875725372711585,0.9985412044872262,0.9945404404533797,0.980282127,0.985933155,0.9888863153412187,0.9968287266276494,0.9757267476626823,1,0.9903024701737432,0.9871598529973846,0.9944247353835238,0.9959347449516056,0.9950820402248891,0.9953565394849612,0.9927253622320126,0.9931111657187678,0.9961903747188362,0.9973046466093504,0.9934284787793187,0.9845455972747452,0.9921415417443327,0.9910921606361716,0.9964731765666198,0.9943385083418674,0.993866943,0.9817708505113882,0.9829249353272292,0.9816922558686443,0.9909745866543328,0.9875878593320687,0.9872023591661035,0.9987346218871573,0.9891118661092604,0.9802898074331944,0.9772089906366552,0.9935616018334961,0.9936476976403027,0.985039547,0.9793931777052237,0.9787919227787294,0.9780170048423978,0.9893587660187041,0.9808999529178375,0.9818604236310019,0.9941519621213143,0.9919568834468083,0.9876783282140751,0.9199451209356897,0.9919930249643149,0.9892529594125405,0.9935570587666817,0.9968341916991272,0.9912179995504662,0.9918385388526727,0.9933913538564457,0.9950880385270426,0.9939953738475342,0.9982363632599075,0.9851205737814261,0.9970988443331388,0.9917895376832462,0.9977518431726575,0.991721737,0.9924751924018648,0.9719474417243964,0.9833317628808365,0.9904585125785148,0.9918812677176656,0.9926855505069743,0.9916652250902711,0.9863335554516904,0.9990034889839162,0.9888329840153929,0.9965388834417327,0.9932422038739067,0.9897783218236079,0.9947997142533396,0.9922289250025039,0.9925755339883229,0.9919851630871545,0.9992947866815091,0.9886985575707125,0.989108211,0.994294772,0.9934209872475537,0.9927286860701394,0.9945197682840698
