,1,2,3,4,5,6,7,8,9,10,11,12,13,14,15,16,17,18,19,20,21,22,23,24,25,26,27,28,29,30,31,32,33,34,35,36,37,38,39,40,41,42,43,44,45,46,47,48,49,50,51,52,53,54,55,56,57,58,59,60,61,62,63,64,65,66,67,68,69,70,71,72,73,74,75,76,77,78,79,80,81,82,83,84,85,86,87,88,89,90,91,92,93,94,95,96,97,98,99,100
1,0,247.80766735514862,70.45147266026453,59.546956261424484,55.478284039793444,148.7413863052244,75.15477363414782,92.21952071009696,69.02492303508929,98.49649739965376,102.98839740475623,98.32476798853888,115.76165168137504,95.59309598501348,55.170281855361225,174.6987120731003,30.32094985319556,129.1336129750887,118.28507936337533,144.5683229480096,95.70287352007776,107.08800119527865,80.68110063701411,126.28257995463983,62.655885597444076,60.05697295069075,93.51342149659588,59.213511971508666,109.87269906578248,64.03717670228755,102.52316811335865,102.96606237008386,127.95999374804612,52.03844732503075,125.61946505219643,80.79455427193098,119.37859942217449,60.76808372822036,150.47843699347757,128.4202476247418,127.99906249656675,125.69709622739899,116.23252556836232,138.80115273296545,107.61988663811164,125.36251433343223,175.51512755315423,146.06423244586608,82.57578337503072,99.30236653776183,33.68026128164685,140.20256773682854,107.05400506286534,145.5498540019879,112.85938153295011,142.59298720484117,157.2972981331847,145.32639127150992,92.50275671567849,43.42810150121693,207.5809239790593,41.826307510943394,116.64801755709352,105.25801632179851,99.42338759,51.97345476298453,100.6268353869881,45.21902254582688,93.95961898603038,95.48696246085117,70.65012384985606,64.97107049,88.18026990205915,125.78032437547616,107.1466751700677,48.864711193252745,125.80683606227446,149.33438987721482,133.28075630037517,111.64479387772633,106.00075471429437,130.96426993649834,57.12757652832824,126.47197317983142,124.53437276511252,109.3460561703073,118.48949320509392,80.23241240296841,63.59056533794931,86.08739745165956,116.02482492983991,61.31688185157494,58.58361545688351,118.83921911557648,126.22582936942818,56.78873127654817,47.885279575251516,104.91086692998014,28.40492914970921,96.972625
2,247.80766735514862,0,303.8958539,306.2792190142844,297.6960866387061,387.55572502544715,309.088984,325.6365458605652,272.4319365,161.06135476892027,330.7056243851925,342.88855332308776,331.35714870815747,330.94863649817324,261.5235362257095,416.50330130744464,258.22284949244903,362.17295592023436,353.41058275043207,367.2914918698771,336.47585351700945,320.5447863,262.94136228444546,360.97125924372426,276.83670276897897,290.77475818922113,322.61053919548254,269.5403495,334.17481951816774,300.5753815601005,335.5539300917216,339.7153072794925,350.46905712202323,245.22691532537777,367.1273484773369,309.12224119270354,358.60157556820633,296.6438268361572,385.2383158513701,343.5877762668515,344.70648383806184,355.1655388688491,332.68219068654696,367.89204938405504,347.2439488313655,354.03751213677907,416.8016794591884,368.1515448833537,323.6689049012895,343.9118492,253.55875058849773,360.35199458307426,149.15978010174192,370.36409113195623,331.41363882616537,367.15059580504567,400.2486727023589,391.36755103099694,321.03202332477673,288.7716053,439.70553783185403,260.5497265,338.9418239167306,326.14642417172075,332.53193831570525,294.23629959608996,305.56269405802794,246.20633623040655,323.02583488012226,321.8020509567955,304.7654836,210.3211829559733,322.09091884124894,370.5823120441665,341.60165397726047,257.7179854,357.05316130794864,367.16966105603007,356.15524704825003,328.7166561037028,351.82973154638313,368.6529533314497,300.2393045555495,351.37609480441324,364.7602089044253,323.17586543552414,356.8368815018986,301.1656686941591,259.5622468696093,324.93076185550666,344.0298824230244,234.7350847231832,302.74801403147137,362.0297777807787,352.55830723442045,292.7650252,262.20686489869024,330.49243561691395,253.70447374849346,320.49687986000737
3,70.45147266026453,303.8958539,0,36.959572508350256,27.749054037930733,84.48082623,8.005623023850173,26.207060117456898,46.204004155484185,149.06270492648386,35.41242719724249,49.64967270788399,51.20634726281499,29.50067796,45.88125979089938,114.63721036382559,57.65630928181234,61.96644253,52.5,75.88945908359078,35.962341414318395,43.52022518324095,60.34741088066662,59.13577597360163,33.572161086233336,17.804774640528308,27.605977613553193,38.263429015183675,41.08332995267058,23.023683458560665,33.49641771891436,49.78955713801841,58.078309204039336,79.72207975,66.29751126550678,15.069505632236249,56.57349203,41.23214765204452,83.08483616,60.25852636764361,64.16455407777724,56.684124761700254,49.32555118799992,70.50595719511934,43.71052504832217,57.73291955201989,113.48237748655075,75.88207957087101,45.300000000000004,52.67342783605411,59.525204745552955,70.89492224412126,157.8393170284261,78.07746153660479,45.44326132662576,72.91152172,97.49302539156326,94.54676092,51.498446578513416,43.44203033929239,141.15951969314716,44.83090451909263,46.841114418852165,45.01510857478853,36.68787265568828,41.75032934001838,48.13616104,60.28341397100864,25.11971337416094,28.30353335,6.774215821775979,95.65087558407399,38.11941762409284,73.06599756384635,43.278170016764804,53.076265882218955,58.389125699910934,80.69752164719806,63.00071428,44.84696199298231,60.28175511711649,67.76201000560712,40.721615881494685,56.85850859809814,63.42270886677736,49.63113941871575,53.395599069586254,55.06550644459742,52.62214362794431,34.97556289754319,48.87831830167646,74.81370195358602,32.597699305319075,65.72739155025096,56.21823547568884,31.976397545689853,43.33601273767581,39.14128255435685,55.43473640236779,28.207091306974565
4,59.546956261424484,306.2792190142844,36.959572508350256,0,21.354156504062622,93.20429175,38.55074578,47.90615826801394,72.71175970914196,153.75447960953852,63.656028779684334,41.50951698104905,83.39088679226286,49.927547506361655,67.56507974,117.06391416657824,54.77736758917865,79.83990230454944,67.47266113026816,100.7345025301659,42.56477416831904,78.80355321938218,89.37561188601732,73.96627609931434,60.47346525543249,39.50949253027682,55.08212051110596,62.94569088,70.61366723,31.65501540040693,56.833440860113335,57.85680599549201,85.57476263,83.63157298532654,69.73872668754427,48.32225160316932,66.18829201603559,39.370547367289674,96.96927348392377,92.38528021281313,92.35280179832121,79.37909044578427,82.34707037897584,89.50441329901001,53.842362503887216,80.52974605696953,117.33013253209936,101.31159854626715,39.31971515664883,44.88474128253387,60.461227245235435,98.74229083832317,162.98883397337377,101.22272472127986,78.14832052,96.18752517868417,99.64717758170575,85.94789119,61.49829265922754,19.93589727100338,154.68031548972223,57.51521537819362,77.00675295063414,73.39271080972551,56.74865637175915,27.407298298081116,82.93997829756167,73.79728992314013,53.63776654559733,57.43727013011674,36.31198149371637,108.43966064129857,50.88260999595048,69.04208861267162,58.847344884879895,66.64112844182637,76.28787583882514,106.55533773584503,89.9390905,78.65977370931091,48.869622466313366,75.88122297380295,24.62437816473748,83.10980688222058,68.26924637052909,81.08859352584678,65.23066763417341,64.73793323855806,75.80923426601801,40.19651726207135,73.58695537,92.73100883738945,12.041594578792296,60.67981542490056,82.00390234616887,30.440762145517972,60.87725355171667,65.28407156420316,58.557663887829406,62.223870017863725
5,55.478284039793444,297.6960866387061,27.749054037930733,21.354156504062622,0,94.37711587032102,32.15835816704578,40.82891132518721,59.79130371550699,145.50752557857618,57.237138293244534,53.619399474443945,77.05867894014276,46.612873758222634,54.34188072,120.38255687598598,54.337464055658685,79.76471651,64.00437485047408,98.52634165541721,41.46998914878083,69.52697318307479,75.78918128598566,74.18227551106801,48.466895918760876,33.71943060017473,52.40267168761532,50.02159533641445,61.500325202392226,14.35409349279849,52.85867951434277,60.32752274045404,81.77432359854772,79.66329142082945,77.06808678045667,42.27339588914049,68.59220072282271,43.10498811042638,99.43359593215968,84.35069649979187,88.86529131,74.33061280522313,75.23988304084477,86.91973309,55.09083408335728,77.18186315450023,122.71250954976026,96.54035426,46.88325927236715,54.50357786420998,58.442792541082426,92.81185269134541,153.8874913695067,96.75763535762954,71.29628321,92.54209852818339,105.49672980713667,95.40985274068922,63.45108352108733,24.767720928660353,156.0192295840484,48.662100242385755,71.09177167577131,66.62199336555459,53.74392988980244,36.320242289940744,72.24292352888274,63.039987309643394,49.16309591553404,50.110278386774105,24.95115227800111,96.32839664398033,48.713858397790666,74.93203587251584,52.943460408250616,60.04198531028101,74.53750734,100.82678215632988,85.60981252169637,68.28879849580017,61.58116595193696,81.52275755885591,35.473370293785166,80.17006922786084,70.99781687,75.38806271552546,65.50603025676338,64.67611614808051,65.26132085699767,46.98680665889096,69.13060103890317,79.34128812,23.93741840717165,68.10315704870077,77.25697379525036,29.574313178838153,45.32151806813183,55.73158888817006,50.80354318352215,53.70111730681216
6,148.7413863052244,387.55572502544715,84.48082623,93.20429175,94.37711587032102,0,80.16882186985163,63.13192536268793,121.59621704641967,232.42624636645493,62.85706006488054,62.210610027550764,76.19160058694133,59.11717178620777,127.93029351955697,33.32326514614077,138.28579102713337,38.108922839671024,35.706582026287535,54.35071296680477,53.27138068419102,81.3206001,134.41220182706627,33.55726448922796,113.78998198435572,99.97019555847633,72.00805510496726,120.03766075694745,59.602097278535425,89.33733822,54.15717865620402,64.88150738076297,55.9299562,157.30861387730806,39.067249711235114,82.06192783501982,36.376503405357695,105.24808786861641,27.169100095512917,66.58948865999798,73.79810295664788,39.72606197447716,72.09715667070374,37.12357741382153,42.34666456759021,47.22456987628368,35.34345766899441,48.07452547867737,82.28705852,62.36473362406032,141.61906651295226,54.34298482785059,241.43355193510286,47.467462540144275,70.52687431043573,45.02399360341106,26.405302497793887,44.296275238444146,90.25054016458849,110.43550153822818,68.22785354970505,129.1690365373993,60.68904349,76.51960533092156,62.19815109792252,107.47111239770435,98.83400224619055,143.58676819261586,68.93482429077484,70.48517574639365,83.16393449085967,178.66740049600543,77.16320366599614,38.69741593440058,48.20798689014094,135.52180636340412,41.08235631022154,57.94100447869367,51.40194548847349,70.75422248883808,60.28731209798626,37.979468137402876,102.17220757133516,53.21240457,30.61388573833776,85.14787137679954,32.15835816704578,109.94744198934326,133.3497656540873,75.03225972873268,54.29696124093871,156.0966367350687,94.99073639,45.68544626,46.982549952083275,102.53467706098265,125.4870511248073,62.88950627886977,137.64461486015355,72.10055478288638
7,75.15477363414782,309.088984,8.005623023850173,38.55074578,32.15835816704578,80.16882186985163,0,26.42650184946922,47.64829482783198,153.0018300544147,29.664962497869436,44.89276110911424,46.15582303458579,23.21637353,50.033588717980244,110.85576214162258,60.92158894841795,55.625983137379244,49.95437918741459,70.01885460359945,33.52610922848042,40.37523993736755,64.22896542837974,55.778580118177985,36.350515814772145,20.86048896838231,20.841305141473267,43.266615305567875,39.19961734507111,29.160932769717775,28.24960176710461,42.47222621902459,54.10508294051493,80.75790983,60.208720298641126,11.373653766490346,50.43500768315595,38.57926904439741,77.70045044914475,56.75702599678739,57.89093193238472,52.185821829305326,45.2,67.96587378971891,39.18622206847708,51.568982925785924,109.09647107033298,72.45936792437539,39.85423440489103,47.22456987628368,63.28064475019198,66.22960063294961,162.2560938763164,72.39033085,41.1703777,69.93110895731598,92.12491519670452,91.19956140245412,44.680644579056825,47.77698190551597,135.13755954581984,49.26824535134167,43.29387948,38.91130941,29.510845463998486,41.24318125460256,45.687635088719574,64.11208934358636,23.088741845323664,28.90259504,12.409673645990857,100.7323185477233,31.549326458737593,68.25137361255084,42.27398727349953,55.70780914737179,56.06924290553601,78.76775990213254,58.88429332173394,42.391508583677464,55.45232186302031,63.647466563878254,39.522651732898694,51.65229907758221,60.69439842357777,44.28363128741815,48.470197028689704,50.31858503574996,56.42127258401746,28.39013913315678,42.65395644017094,78.93896376315058,35.09358915813542,63.72095416736946,51.51854035199367,37.658465183806946,48.969786603578335,39.80263810352274,59.11987821,26.100766272276374
8,92.21952071009696,325.6365458605652,26.207060117456898,47.90615826801394,40.82891132518721,63.13192536268793,26.42650184946922,0,67.83804242458652,173.19307145495168,31.819648018166387,46.82349837421378,50.86688510219591,24.83867951401604,68.66177976137816,92.40216447681298,82.08751427592384,49.04701825799403,28.536993534708593,64.48286594127156,20.879655169566377,44.75488800120049,76.80494776,37.097304484288344,56.57243144854214,42.75511665,32.73285810924552,59.38316259681695,24.833243847713494,31.071530377501524,22.195495038408133,51.847950779177374,44.11847685,105.73003357608471,54.90983518460058,29.604729351912678,44.09637173283081,62.828655882487254,65.08794051128058,49.924342759820085,62.485518322248076,39.35022236277706,45.073717397170604,47.03658150843873,27.60434748368452,47.07908240397215,92.32637759600449,56.704849880764165,55.564737019084326,51.18632629912016,83.85320506695018,57.40592303935196,181.23233707040254,64.98799889210315,41.368587116313265,52.03306640973603,80.07346626692265,77.07424991526028,64.80308635,58.25838995372254,123.83456706428944,69.43342135,35.00628514995557,49.437738621421595,36.64982946754323,62.23632379888774,58.19312674190999,84.73157616850993,18.649664876345632,16.322989922192562,23.553343711668624,117.35143799715452,47.71205298454469,60.249564313777405,18.37960826568401,78.42474099415311,35.117517,60.22823258240275,47.45987779166735,37.618612414601365,55.74621063,50.02159533641445,59.36463593756808,45.01821853427788,41.29273543857321,55.27350178883187,36.061613940587854,74.85986908885161,74.24580796247018,43.54262279651974,41.357466073249704,97.03834293721219,45.16635916254486,47.65962651972841,40.988291010970435,44.90033407,64.81234450318858,17.97804216259379,80.52328855678958,24.637572932413615
9,69.02492303508929,272.4319365,46.204004155484185,72.71175970914196,59.79130371550699,121.59621704641967,47.64829482783198,67.83804242458652,0,115.62802428477276,59.937383993631215,89.60156248637632,61.03638259267992,64.38136376312636,19.40206174611348,153.85109684366896,54.95780199389346,91.55113325349939,91.21600736712828,96.45745175983036,78.91742519874809,51.507281038703645,33.74907406137241,98.02147723840933,15.761979571107178,39.16631205513228,55.04034883610387,25.65852684781416,69.17145364960895,58.37328155928875,68.19560103115157,75.43348063028778,83.77613025199959,53.84087666448235,103.46540484625767,44.88251329861107,91.77412489367578,53.21127700027505,116.61234926027346,75.96341225,74.63538035007258,85.85126673497602,63.57389401318752,105.51985595138007,84.38009243891595,82.20973178401691,152.5718191541282,102.09524964463333,71.74566188976166,88.80337831411596,53.416851273731965,90.29640081420743,124.78445415996337,98.46542540404728,61.93028338381797,103.04096272842175,134.7804140073772,138.22604674951822,61.86630747022163,70.97915186870014,167.35889578985635,33.36165463522455,71.77353272620765,53.982311917886584,63.55477952129171,61.34623052804467,36.96538921748289,31.959974968701086,61.51268161932139,63.42270886677736,48.95671557610866,64.67889918667447,58.26182283451145,111.31940531641372,83.00487937464882,31.88165616777146,96.11056133432996,107.14214856908555,88.28612575031255,61.09959083332719,99.45672425733717,107.95443483247921,64.17289147295764,81.91849607994521,106.36301048766907,53.41497917251302,90.98593297867534,51.10772935672255,27.936356240569385,66.85775946,72.29412147609237,38.424471369167854,68.87670143089025,111.13703253191531,82.78912972123817,64.01593551608849,29.709257816377708,72.68569322775976,42.30839160261236,54.48862266565379
10,98.49649739965376,161.06135476892027,149.06270492648386,153.75447960953852,145.50752557857618,232.42624636645493,153.0018300544147,173.19307145495168,115.62802428477276,0,173.8972397710786,186.54490076118404,175.34537347760278,173.99126414851983,106.68176976409794,262.54096823162666,103.76338467879698,204.5160384908724,200.32683295055608,210.9141057397537,182.28538065352362,166.0374656515812,114.83396710033142,207.49508427912212,120.87596948939024,135.26803022148286,165.40253927917794,116.69430148897588,181.45316200055595,149.74645237867907,179.54653992767447,180.0496875865104,196.77652298991362,84.74880530131384,209.41969821389773,153.16331153380042,200.91891399268513,137.6154061142865,228.93448844593075,190.48097017812566,187.46466333685396,199.96749735894582,177.99988764041396,216.37698583721883,191.6252592953236,196.6901115968975,261.8744737464879,215.89349225949354,164.93028830387703,186.37864684560836,99.77895569708073,205.7522782376905,15.074481748969017,213.74283613726098,176.39319714773583,215.4205189855414,243.05176403391934,238.19949622112975,160.3184331260757,139.24352767723173,281.73824731477265,105.39848196250267,185.12698344649814,167.94525893873873,174.15191644079027,137.7554354644491,150.36289435894747,89.36442245099556,169.2710548203679,170.1323014597757,150.70885839923278,62.02064173,162.7114009527298,214.0803820998085,189.64885973820145,100.2845950283492,205.15116377929715,218.23381956058049,202.3141122116794,175.45723125593884,195.37400031734006,214.37294605430043,143.74366072978663,195.81113349347632,211.82835032166963,166.13620917789115,200.76603298366982,140.21069859322435,106.61613386350116,166.58919532790836,186.64672512530188,81.13568881817667,150.56639731361045,210.28076469330236,197.4259354796122,143.4886755113448,109.38445959093092,180.21434460108884,96.96102309691251,166.49147125303446
11,102.98839740475623,330.7056243851925,35.41242719724249,63.656028779684334,57.237138293244534,62.85706006488054,29.664962497869436,31.819648018166387,59.937383993631215,173.8972397710786,0,51.47086554547145,24.743686063317245,16.41371377842321,69.42081820318744,95.89165761420541,88.37245045827348,32.630660428498835,38.33653609808795,43.59827978257858,36.69345990772743,25.061723803441776,76.27247209839209,43.55640021856719,54.36221113972462,48.07379743685743,18.445866745696716,63.45084711806455,23.811761799581316,51.88689622631132,14.142489172702236,35.245425235057105,33.93007515464709,100.68967176428772,50.429753122536695,27.48181216732259,35.91601314177285,58.670691149840735,57.88998186214952,32.546121120649694,34.22352992,27.55449146690971,23.979366130071078,52.146428449127754,32.70917302531509,23.90083680543424,94.06428652788475,49.76193324218825,50.082432049572034,50.59891303180336,90.27009471580276,38.31775045589185,183.21323642138958,43.477005416656745,20.42082270624766,50.69763308084511,77.09481175799056,87.10482191015605,45.5,76.21554959455453,109.7182300258257,74.10458825201042,24.046829312822098,19.03050183258445,15.531902652283138,66.29487159652699,37.99013029722325,85.51169510657591,26.889403117213295,32.17530108639234,36.83218701081976,120.96697896533583,31.737202145116697,60.89630530664402,37.296648643008126,77.94389007484807,44.81350242951336,60.25155599650519,35.82247897619594,22.95844071360248,59.30640774823577,55.31012565525412,63.41994954271093,28.28869031963127,54.258639865002145,29.17344683097971,34.28191943,58.435348890889664,74.78803380220663,38.47609647560417,14.256577429383253,96.48445470644481,62.27270670205367,65.14790863872761,26.196373794859472,65.57629144744311,70.69660529332367,35.38587288735435,84.11355419907068,20.183161298468583
12,98.32476798853888,342.88855332308776,49.64967270788399,41.50951698104905,53.619399474443945,62.210610027550764,44.89276110911424,46.82349837421378,89.60156248637632,186.54490076118404,51.47086554547145,0,70.19259220174163,36.861361884770346,91.90212184710427,85.74123862,85.82680234052764,49.785640500047805,49.62096331189067,73.43677552834139,31.996249780247684,72.73953532983285,107.9788868251567,49.436929516303906,79.05694150420949,57.914074282509254,45.110974274559844,85.82167558373584,62.16309194369276,56.84188596448925,41.75116764834248,35.08974209081623,65.89385403814228,108.03962236142812,30.245826158331333,50.93132631298737,34.09706732257189,52.583267300539625,62.465990746965666,77.88452991448301,71.95832127002409,58.29236656715869,69.98685590880619,67.79380502671317,29.846942892028324,56.302753041036986,82.19270040581463,79.39143530633515,31.352830813181765,15.09966887,90.97933831370725,77.24635914,196.8416622567489,75.45197147855052,66.09357003521598,74.47818472546173,62.36954384954246,55.33534132902769,51.11751167652823,60.472803804685626,118.0044066973772,85.74053883665532,62.68173577685928,62.52847351407197,41.04010233905369,50.81692631397535,82.81304245105356,101.95587280779857,48.56016886296834,56.231663678038196,50.58616411628777,139.95842239751062,43.243496620879306,37.41938000555327,49.65974225,90.87353850269065,56.65686189686118,88.61715409558128,68.83313155741209,71.29263636589687,12.083045973594572,44.22171412326754,45.007110549334314,60.70420084310476,43.5,70.53112787982339,37.97367509209505,66.64563001427776,97.48846085563153,25.646832163056708,53.60970061472084,119.9499895789908,43.98681621,37.881393849751625,61.155539405682624,59.262129560116215,89.60558018,62.28169875653682,90.43251628,58.47401132
13,115.76165168137504,331.35714870815747,51.20634726281499,83.39088679226286,77.05867894014276,76.19160058694133,46.15582303458579,50.86688510219591,61.03638259267992,175.34537347760278,24.743686063317245,70.19259220174163,0,39.51910930170365,73.34166619323561,109.25456512201218,96.88777012605874,41.708632200061416,56.349267963301884,36.303718817774026,59.806019763900025,14.698299221338502,72.47371937468091,55.883897501874365,58.43800133474792,58.28413163117385,29.257477676655586,67.66357956833203,35.174564673923115,70.92249290598858,35.357601728624076,51.983555091971155,30.805843601498726,104.96456544948872,64.75963248814806,38.22302970723278,53.30675379349225,71.37226352022192,63.474404290233394,23.345235059857504,17.46424919657298,39.30648801406709,10.254754994635416,59.53990258641679,53.21503546931074,31.575306807693888,104.07036081421069,48.518037882832814,67.92643079096678,70.76015828133795,97.20205759139053,33.52610922848042,184.6500473869422,44.339598554790726,11.285388783732708,52.421369688324624,89.96088039,104.69479452198185,54.27706698044764,93.65874225079044,110.45379124321627,80.58808844984475,24.535688292770594,21.513019313894553,35.99013753794225,81.08859352584678,27.586228448267445,89.75522269,38.666393677197256,43.37049688440288,54.110627421976915,122.55349852207402,49,81.02598348678033,57.245873213708606,81.11103500757464,55.308227236099334,58.63446085707619,33.60059523282288,23.444402316971104,78.42831121476479,65.97393424679174,79.26310617178714,26.419689627245813,71.71645557332013,12.555476892575605,52.88667128870941,64.31671633409157,74.39758060582346,53.951459665147155,26.019223662515376,97.64732459212593,79.77367986999221,83.82123836,31.096623610932426,79.71825386948713,78.82994354938991,48.72381347965285,93.23647355,29.020854570463634
14,95.59309598501348,330.94863649817324,29.50067796,49.927547506361655,46.612873758222634,59.11717178620777,23.21637353,24.83867951401604,64.38136376312636,173.99126414851983,16.41371377842321,36.861361884770346,39.51910930170365,0,70.82909006898225,90.63112048,82.55688947628781,34.13575837739657,33.46102210034834,52.881376684046344,22.64950330581225,39.252515842936745,82.14596764297076,39.928060308509856,56.32725805504827,43.723677795903676,19.53867959,64.56779382943171,30.166372005927396,43.24072155,10.384603988597735,28.108539627664758,42.05662849064342,98.96282130173937,41.77188049393994,26.471871864301548,28.556785533389434,51.10538132134423,57.69540709623254,46.35471928509545,46.82691533722887,32.56931070808837,38.351531912037096,53.054311794612886,21.122499852053497,31.380885902090146,89.38814239036405,57.14682843343102,38.44164408554868,36.298209322224146,85.61915673492703,49.89749493,183.54628843972847,52.18965414715833,34.351128074635334,55.44150070118954,71.00704190430693,75.79419502837932,42.93902653763823,64.59442700419285,112.81294251990771,71.91634028508403,33.701038559664596,31.239238146920293,12.453513560437472,55.94640292279746,50.56441436425424,85.40351280831486,25.12548506994442,31.823890396995775,29.9833287,122.2456543,26.471871864301548,49.77198006911117,30.907766014385444,77.18004923553755,42.955325630240544,66.90112106684013,44.46076922411487,36.34886518173573,44.837038260795055,48.96937818678118,52.19425255715422,36.73363581242673,45.246104804723245,41.823916602824276,27.36347931093559,56.94348075,77.34830314880864,27.40437921208944,24.098962633275317,99.08965637239842,49.700704220362915,52.78029935496767,34.31559412278913,56.440765409409536,69.92739091,35.961785272703025,80.24811524266474,26.688012290165037
15,55.170281855361225,261.5235362257095,45.88125979089938,67.56507974,54.34188072,127.93029351955697,50.033588717980244,68.66177976137816,19.40206174611348,106.68176976409794,69.42081820318744,91.90212184710427,73.34166619323561,70.82909006898225,0,159.14634774320146,43.06088713,100.9287372357348,95.21680523941139,107.76344463685261,80.91823033161316,62.37820132065367,29.179444819941317,102.04905683052637,15.811388300841896,35.637620571525254,62.21736092120912,13.013838787997953,75.02166353794082,52.96225070746144,74.54636141355257,84.71888809468642,91.26883367283708,51.67746124,109.56646384729225,48.744230427815765,99.09899091312687,55.54277630799526,124.25779653607253,86.06973916540005,88.03408430829505,94.30800602281866,73.98756652303142,109.98181667894016,88.67265643928798,92.98386956886662,158.0305033846314,109.78615577567146,76.67463726683029,93.06986622962343,39.915410557828416,101.26697388586271,114.92884755360596,110.65712810298305,71.87739561225072,109.04586191139946,141.61200514080718,140.24264686606568,72.75300681071539,60.91764933087947,178.91070398385895,18.315021157508937,79.13911801378633,67.88085149731108,72.88545808321437,58.50094016338541,51.710733895391584,19.261360284258224,63.95381145795769,64.42049363362563,47.98916544,51.791505094947766,67.63135367564367,116.58563376334152,85.28827586,22.891046284519195,99.37806599043876,112.6809655620682,96.55050491841045,70.11875640654218,102.32301793829187,111.43410608965281,62.286756216711105,90.92304438369845,108.72097313766098,66.84788702719032,97.01546268507923,61.706077496467074,16.911534525287763,71.42660568723674,83.05419917138447,29.154759474226502,62.44069186035658,111.0990549014707,91.64060235506966,53.75872022286245,14.531345429794174,74.53193946221982,31.145465159473858,60.04340096963196
16,174.6987120731003,416.50330130744464,114.63721036382559,117.06391416657824,120.38255687598598,33.32326514614077,110.85576214162258,92.40216447681298,153.85109684366896,262.54096823162666,95.89165761420541,85.74123862,109.25456512201218,90.63112048,159.14634774320146,0,166.37920543144807,70.18724955,65.25365890124476,83.98833252303561,80.62877898120497,114.43758123973086,166.2683373345629,62.66777481289726,145.49762884665853,130.10365098643464,104.25238606382109,151.0132444522665,91.2787489,116.14026003070597,86.48375570013134,93.48523947661471,87.19839448,187.25714939622466,63.77687668740136,113.7258106148292,66.46871444521851,133.51614134628068,52.47437469851356,98.39491856798297,105.71452123525887,72.60550943282473,105.00685691896506,63.352663716689925,71.99555541837287,79.99724995273276,23.03562458454296,75.79287565464185,108.51064463913207,85.94393521360305,170.21468796787192,85.06797282173827,271.4215172,76.72392065060284,103.56640381899915,72.12877373143121,32.71085446759225,43.238408851390446,119.64347036090184,134.36532290736326,66.90261579340527,159.2141953,93.06212978435428,109.37316855609515,93.99196774192994,133.94028520202576,132.10435269134777,174.3002008030972,99.96344331804502,100.79464271477924,112.76080879454528,209.11719202399405,107.14270857132556,56.51769634371168,76.30655279856377,166.3477081296884,68.93446163,82.25910283974656,82.53217554384472,103.28426792111178,80.54290782,61.53048025166064,128.26004833930168,85.42926898902975,53.89814468049898,118.21861105595852,63.60471680622436,139.81330408798726,164.89863553104374,103.59054010864119,87.38169144620629,187.41280639273293,119.91396916122825,61.923824171315516,79.70169383394558,128.47707966793143,155.484533,92.20764610378035,166.71820536462118,104.39947317874741
17,30.32094985319556,258.22284949244903,57.65630928181234,54.77736758917865,54.337464055658685,138.28579102713337,60.92158894841795,82.08751427592384,54.95780199389346,103.76338467879698,88.37245045827348,85.82680234052764,96.88777012605874,82.55688947628781,43.06088713,166.37920543144807,0,113.77033884101779,108.64621484432857,126.28602456329045,87.44506847158392,89.81403008,66.50834534101716,113.00393798447911,46.714451725349406,42.042359591250346,75.22792034876413,45.33696063919592,97.54737310660907,61.19836599125829,88.83670412616623,89.53909760545949,110.47280208268458,41.23784669,111.32748986660931,63.49992126,106.61149093789093,45.22432973522106,134.84895253579094,112.30422966211023,107.94554182549643,113.01433537388078,98.36137453289274,125.77853552971588,95.97478835610944,110.34600128686132,163.63068171953572,130.97037833036904,70.91713474189436,88.8517867,8.774964387392123,124.57624171566583,113.87712676389407,131.26019960368794,95.18634355830673,127.77808888851014,145.88776507987228,137.36171227820364,75.53303912858266,42.96696405,193.02476525047246,25.48254304,100.18602696983247,89.12244386236276,85.45320356780078,38.89010156839398,82.99542156046923,35.372870960667015,78.05927235120758,81.73273517997546,60.25147301103932,64.99569216494274,75.65870736405691,117.96817367408889,99.13248710690154,27.244081926172516,112.67404315102925,134.89714600390923,116.77431224374648,97.43715923609432,95.15797391706069,115.73262288568422,44.844174649557324,108.82113765257189,114.7217939190283,89.07300376657341,106.84680622274117,62.679821314359216,45.85019084,69.34435809782941,101.05562824504135,55.62589325125485,49.67051439234347,110.16914268523651,111.20539555255401,46.93229165510672,42.98790527578658,94.7253398,22.44014260204244,81.69143162
18,129.1336129750887,362.17295592023436,61.96644253,79.83990230454944,79.76471651,38.108922839671024,55.625983137379244,49.04701825799403,91.55113325349939,204.5160384908724,32.630660428498835,49.785640500047805,41.708632200061416,34.13575837739657,100.9287372357348,70.18724955,113.77033884101779,0,34.75183448395207,26.774801586566426,44.18427322023075,50.223600030264656,106.79236864120956,31.20897306865447,85.53718489639462,74.65527442853586,40.885327441516225,94.22446604,40.489010854798615,75.52224837754765,29.483724323768868,38.518047717920496,32.165354031939394,127.63263689197994,29.66209702633986,54.521647077101406,19.272778730634563,79.02917182914167,28.010890739139302,40.99524363,37.39799459864125,21.133149315707776,40.79571055883204,40.207088927202875,29.996833166186057,14.092906016858269,65.35510692,38.87942900815288,60.511238625564424,49.217984517856884,116.54479825371872,31.616609558901157,214.36018753490583,27.45195803581231,39.131189606246316,39.66875344651001,48.355454707819675,67.56189755,58.835448498333044,96.29584622401944,79.86494850683872,103.34703672578135,34.86559909136798,42.176296660565164,32.41357740207027,85.44735221175668,65.86812582729222,116.27385776691165,46.161022519004064,51.755289584737135,62.76344477480502,152.60160549614147,49.624691434808945,45.71651780264984,43.964076244133686,106.70805967685853,37.868324494226044,53.97786583406202,29.843089652380165,45.08092723,52.80350367163149,37.097843603099086,80.96474541,23.134606112920963,41.99476157808257,49.03355993602749,22.013859270922943,77.91155241682712,104.98861843076135,49.378639106399035,21.227576404290716,128.44691510503475,79.64803826837168,55.94291733544113,22.00931620927829,86.57026048245436,101.94748648201191,50.96076922496363,112.7537582522197,46.292547996410825
19,118.28507936337533,353.41058275043207,52.5,67.47266113026816,64.00437485047408,35.706582026287535,49.95437918741459,28.536993534708593,91.21600736712828,200.32683295055608,38.33653609808795,49.62096331189067,56.349267963301884,33.46102210034834,95.21680523941139,65.25365890124476,108.64621484432857,34.75183448395207,0,52.68927784663593,25.741794809220277,55.772394605216654,101.48576254825107,18.598118184375537,82.11114418883712,69.13436193,46.89605527120591,86.57620920322164,29.042899304305003,56.26046569306016,27.12858271270359,53.19069467491471,39.04151636399386,129.8790206307393,42.400589618541865,52.19425255715422,31.016286044592768,82.05632212084575,43.407833394446214,47.83555163265079,62.09863122485068,23.83778513201258,50.109480140987294,27.353975945006606,20.764392598869826,37.15158139299053,66.83561924602779,41.100364961883244,65.70570751464442,52.025378422458395,111.07204868912791,45.90468385687892,208.58571379651102,48.879852700269055,47.45987779166735,36.10041551007412,56.42020914530537,59.26415442744459,74.62734083430817,81.76894275946094,98.58275711299618,97.00185565235337,36.78641053432639,56.45183787973603,41.78815621680382,83.06888708,73.04957220956192,111.5671995,38.12151623427379,37.20537595563308,50.30149103157877,144.77720815100696,57.552063386120224,44.99433297649827,13.388427838995884,104.92969074575603,20.57765778702717,47.46830521516436,37.84494682252837,44.11349000022555,53.87986636954476,36.13917541948073,78.78451624526231,38.910666917954515,21.750632174720806,64.63745044476924,18.874321179846444,90.20399104252539,100.86743775867413,55.46746794293029,37.792062658711814,123.28114211021895,67.43263304958512,37.75235092017449,30.832450437809836,71.15223116670342,91.84748227360399,28.511225859299703,106.89976613632042,41.34597924828967
20,144.5683229480096,367.2914918698771,75.88945908359078,100.7345025301659,98.52634165541721,54.35071296680477,70.01885460359945,64.48286594127156,96.45745175983036,210.9141057397537,43.59827978257858,73.43677552834139,36.303718817774026,52.881376684046344,107.76344463685261,83.98833252303561,126.28602456329045,26.774801586566426,52.68927784663593,0,66.59909909300575,47.80627573865172,107.04690560684135,45.65840557881977,92.43895282833962,86.38541543570882,51.51659926664414,100.88924620592623,47.33085674272123,92.32529447556611,46.03259714593562,59.31112880396056,27.036271932350438,137.2515937976678,53.115440316352455,64.83023985764667,45.89389937671455,95.12076534595377,35.368912903848205,31.352192905760198,27.036271932350438,32.66435365960882,35.6931366,45.243342051621255,53.43818859205465,25.277658119374905,76.01552473014969,30.396710348325524,81.60857798050398,74.20350396,127.61332218855522,19.02524638473836,220.43448006153665,23.49382897698883,36.87329657,36.468616645000395,65.94573526771842,89.25782878829173,72.41519177631169,115.03912377969506,75.79868072730554,112.92935845031619,35.04226020107721,47.225522760473496,49.948073035903995,103.32298872951749,63.48984170715816,124.18518430150998,56.499646016590226,60.72034255502846,77.53605612874568,157.92289257735877,67.07428717,71.72231173072993,61.33685678285121,114.45942512523816,48.00583297892038,46.04302335859364,23.04256930118688,45.00399982223802,77.79048785037924,52.249784688551586,99.77153903,20.648486627353588,62.42603623489161,45.79694312942732,46.42154672132328,89.12261216997626,108.96311302454606,68.09875182409733,32.294891236850454,133.36026394694935,98.50705558,77.76863120821916,25.34087607009671,101.61771499103884,111.42261888862602,60.29668316,124.89371481383681,52.736040807023045
21,95.70287352007776,336.47585351700945,35.962341414318395,42.56477416831904,41.46998914878083,53.27138068419102,33.52610922848042,20.879655169566377,78.91742519874809,182.28538065352362,36.69345990772743,31.996249780247684,59.806019763900025,22.64950330581225,80.91823033161316,80.62877898120497,87.44506847158392,44.18427322023075,25.741794809220277,66.59909909300575,0,57.686740244184364,93.73878599597927,35.98958182585621,68.56938092180795,51.83396569817903,38.73964377740198,73.51190379795642,37.98697145074874,37.69297016686268,24.715177523133434,41.07420114865291,52.79924241880749,109.99381800810444,41.49566242392089,40.46924758381356,31.662122480970854,60.22258712476574,59.81437954204658,60.61155005442445,67.11005885856457,40.09688267,56.15905982119003,50.653331578485535,15.721323099535866,45.95388993327986,82.10505466,62.966340214435206,44.48325527656446,33.89041162334857,91.09138268793596,62.45606455741508,191.14455262967866,63.86517047655945,52.278102490430925,58.23023269745708,65.93178292750773,61.235283946430755,59.88956503431963,58.37328155928875,116.41202687007902,79.41637110822931,46.35471928509545,53.3,33.197740886994104,59.18614702783076,70.28342621130533,94.72465360190029,33.290989772008885,35.773733380792116,33.46640106136302,129.9576854210631,42.044738077433664,40.99085263811915,20.15663662419899,87.74827633634749,39.32124107909108,69.79083034324782,54.51385145080102,50.77637246,38.14918085621236,44.62062303464621,54.71051087314027,50.262908789683074,31.594461539959816,63.547147851024754,25.72469630530164,73.29092713289961,88.36153009087155,37.282703764614496,41.997142759954514,109.30580954368345,44.21719122694249,35.309488809667016,45.415415884917316,52.35035816496388,76.30753566981443,35.245567097154215,86.54917677251471,40.11545836706842
22,107.08800119527865,320.5447863,43.52022518324095,78.80355321938218,69.52697318307479,81.3206001,40.37523993736755,44.75488800120049,51.507281038703645,166.0374656515812,25.061723803441776,72.73953532983285,14.698299221338502,39.252515842936745,62.37820132065367,114.43758123973086,89.81403008,50.223600030264656,55.772394605216654,47.80627573865172,57.686740244184364,0,60.13318551349163,58.094836259344085,48.28084506302681,50.80354318352215,29.25816125459698,56.01928239454697,29.669681494751504,61.88731695589978,35.242587873196825,57.283592764420774,34.94338277843174,99.4597406,71.70418397834257,32.01624587611733,58.99906778924562,69.49848919221193,71.84037861815595,25.08066984751404,32.140939625343876,42.62675216340086,12.690153663372245,61.033105770557015,54.653453687758834,39.762293696415455,110.8438541372502,52.249784688551586,69.52726084,73.85553466,89.44025939139489,40.44799129746742,174.65211135282618,53.19812026754329,12.456323695216016,55.02762942,97.52722696765247,108.57734570342011,58.668901472585965,86.73776570790834,121.21056059601408,71.09149034870488,24.45485636841893,25.504705448210924,38.70930120784926,77.89197648025116,20.025983121934363,80.00024999960938,33.63049212,35.679686097273894,45.897276607659414,111.13577281865636,50.28956154113893,85.35109841120969,53.56314031122522,73.12345724868321,55.550337532727916,59.11040517540038,38.48428250597898,15.791136754521506,81.94046619345048,70.56883164683967,76.72261726505424,34.01823040665108,73.03896221,19.21874085365636,56.29422705748787,65.50572494064927,63.83603997742968,55.83690535837387,32.45057780687426,86.68933037000575,74.55870170543476,84.51059105224623,35.758076010881794,71.74008642314281,67.18660580800314,41.20691689510391,84.78797084492588,20.731859540330674
